rand(2,2)

ans =

    0.8147    0.1270
    0.9058    0.9134

for idx = 1:1000
  temp = rand(2,2);
cnt0 = 0

cnt0 =

     0

cnt1 = 0

cnt1 =

     0

cnt2 = 0

cnt2 =

     0

cnt3 = 0

cnt3 =

     0

cnt4 = 0

cnt4 =

     0

cnt 5 = 0
{Undefined function or variable 'cnt'.
} 
cnt5 = 0

cnt5 =

     0

cnt 6 = 0
{Undefined function or variable 'cnt'.
} 
cnt6 = 0

cnt6 =

     0

cnt7 =0

cnt7 =

     0

cnt8 = 0

cnt8 =

     0

cnt9 = 0

cnt9 =

     0

for i = 1:1000
  temp = rand(2,2);
  c = cond (temp);
  if c < 10
    cnt0 = cnt0 + 1
elseif c < 100
  cnt1 = cnt1 + 1
elseif c < 1000
  cnt2 = cnt2 + 1
elseif c < 10000
  cnt3 = cnt3 + 1
elseif c < 100000
  cnt4 = cnt4 + 1
elseif c < 1000000
  cnt5 = cnt5 + 1
elseif c < 10000000
  cnt6 = cnt6 + 1
elseif c < 100000000
  cnt7 = cnt7 + 1
elseif c < 1000000000
  cnt8 = cnt8 + 1
else
  cnt9 = cnt9 + 1
end;
end;

cnt0 =

     1


cnt0 =

     2


cnt0 =

     3


cnt0 =

     4


cnt0 =

     5


cnt0 =

     6


cnt0 =

     7


cnt0 =

     8


cnt0 =

     9


cnt1 =

     1


cnt0 =

    10


cnt0 =

    11


cnt0 =

    12


cnt1 =

     2


cnt0 =

    13


cnt0 =

    14


cnt0 =

    15


cnt1 =

     3


cnt1 =

     4


cnt0 =

    16


cnt0 =

    17


cnt1 =

     5


cnt0 =

    18


cnt0 =

    19


cnt0 =

    20


cnt1 =

     6


cnt0 =

    21


cnt1 =

     7


cnt0 =

    22


cnt1 =

     8


cnt0 =

    23


cnt1 =

     9


cnt1 =

    10


cnt0 =

    24


cnt0 =

    25


cnt0 =

    26


cnt0 =

    27


cnt1 =

    11


cnt0 =

    28


cnt0 =

    29


cnt1 =

    12


cnt0 =

    30


cnt0 =

    31


cnt0 =

    32


cnt0 =

    33


cnt0 =

    34


cnt0 =

    35


cnt1 =

    13


cnt2 =

     1


cnt1 =

    14


cnt0 =

    36


cnt1 =

    15


cnt0 =

    37


cnt0 =

    38


cnt0 =

    39


cnt0 =

    40


cnt0 =

    41


cnt1 =

    16


cnt1 =

    17


cnt0 =

    42


cnt1 =

    18


cnt0 =

    43


cnt0 =

    44


cnt0 =

    45


cnt0 =

    46


cnt1 =

    19


cnt1 =

    20


cnt1 =

    21


cnt1 =

    22


cnt0 =

    47


cnt0 =

    48


cnt1 =

    23


cnt0 =

    49


cnt1 =

    24


cnt1 =

    25


cnt0 =

    50


cnt0 =

    51


cnt1 =

    26


cnt1 =

    27


cnt0 =

    52


cnt0 =

    53


cnt1 =

    28


cnt0 =

    54


cnt1 =

    29


cnt0 =

    55


cnt1 =

    30


cnt2 =

     2


cnt1 =

    31


cnt1 =

    32


cnt0 =

    56


cnt1 =

    33


cnt0 =

    57


cnt0 =

    58


cnt0 =

    59


cnt0 =

    60


cnt0 =

    61


cnt0 =

    62


cnt0 =

    63


cnt1 =

    34


cnt0 =

    64


cnt0 =

    65


cnt0 =

    66


cnt1 =

    35


cnt0 =

    67


cnt0 =

    68


cnt1 =

    36


cnt1 =

    37


cnt0 =

    69


cnt0 =

    70


cnt1 =

    38


cnt0 =

    71


cnt0 =

    72


cnt0 =

    73


cnt0 =

    74


cnt0 =

    75


cnt0 =

    76


cnt1 =

    39


cnt0 =

    77


cnt0 =

    78


cnt1 =

    40


cnt0 =

    79


cnt0 =

    80


cnt1 =

    41


cnt0 =

    81


cnt0 =

    82


cnt1 =

    42


cnt1 =

    43


cnt1 =

    44


cnt1 =

    45


cnt0 =

    83


cnt1 =

    46


cnt0 =

    84


cnt0 =

    85


cnt0 =

    86


cnt2 =

     3


cnt0 =

    87


cnt2 =

     4


cnt0 =

    88


cnt0 =

    89


cnt1 =

    47


cnt0 =

    90


cnt0 =

    91


cnt1 =

    48


cnt0 =

    92


cnt0 =

    93


cnt1 =

    49


cnt1 =

    50


cnt1 =

    51


cnt0 =

    94


cnt1 =

    52


cnt1 =

    53


cnt0 =

    95


cnt0 =

    96


cnt1 =

    54


cnt0 =

    97


cnt0 =

    98


cnt1 =

    55


cnt1 =

    56


cnt0 =

    99


cnt0 =

   100


cnt0 =

   101


cnt1 =

    57


cnt0 =

   102


cnt1 =

    58


cnt0 =

   103


cnt1 =

    59


cnt0 =

   104


cnt1 =

    60


cnt0 =

   105


cnt0 =

   106


cnt1 =

    61


cnt0 =

   107


cnt0 =

   108


cnt0 =

   109


cnt1 =

    62


cnt0 =

   110


cnt0 =

   111


cnt2 =

     5


cnt0 =

   112


cnt0 =

   113


cnt0 =

   114


cnt0 =

   115


cnt0 =

   116


cnt0 =

   117


cnt1 =

    63


cnt1 =

    64


cnt0 =

   118


cnt1 =

    65


cnt0 =

   119


cnt0 =

   120


cnt0 =

   121


cnt0 =

   122


cnt0 =

   123


cnt0 =

   124


cnt0 =

   125


cnt0 =

   126


cnt1 =

    66


cnt0 =

   127


cnt2 =

     6


cnt1 =

    67


cnt0 =

   128


cnt0 =

   129


cnt0 =

   130


cnt1 =

    68


cnt2 =

     7


cnt0 =

   131


cnt0 =

   132


cnt0 =

   133


cnt1 =

    69


cnt0 =

   134


cnt0 =

   135


cnt0 =

   136


cnt0 =

   137


cnt1 =

    70


cnt0 =

   138


cnt0 =

   139


cnt0 =

   140


cnt0 =

   141


cnt0 =

   142


cnt1 =

    71


cnt1 =

    72


cnt0 =

   143


cnt1 =

    73


cnt0 =

   144


cnt0 =

   145


cnt0 =

   146


cnt1 =

    74


cnt0 =

   147


cnt0 =

   148


cnt0 =

   149


cnt1 =

    75


cnt0 =

   150


cnt1 =

    76


cnt0 =

   151


cnt0 =

   152


cnt1 =

    77


cnt0 =

   153


cnt0 =

   154


cnt0 =

   155


cnt0 =

   156


cnt0 =

   157


cnt0 =

   158


cnt0 =

   159


cnt1 =

    78


cnt0 =

   160


cnt0 =

   161


cnt1 =

    79


cnt1 =

    80


cnt0 =

   162


cnt0 =

   163


cnt0 =

   164


cnt1 =

    81


cnt0 =

   165


cnt1 =

    82


cnt0 =

   166


cnt1 =

    83


cnt0 =

   167


cnt1 =

    84


cnt0 =

   168


cnt0 =

   169


cnt0 =

   170


cnt0 =

   171


cnt0 =

   172


cnt0 =

   173


cnt0 =

   174


cnt0 =

   175


cnt0 =

   176


cnt0 =

   177


cnt1 =

    85


cnt0 =

   178


cnt0 =

   179


cnt0 =

   180


cnt0 =

   181


cnt0 =

   182


cnt0 =

   183


cnt0 =

   184


cnt1 =

    86


cnt0 =

   185


cnt0 =

   186


cnt0 =

   187


cnt1 =

    87


cnt0 =

   188


cnt0 =

   189


cnt2 =

     8


cnt1 =

    88


cnt1 =

    89


cnt1 =

    90


cnt1 =

    91


cnt1 =

    92


cnt0 =

   190


cnt2 =

     9


cnt0 =

   191


cnt0 =

   192


cnt0 =

   193


cnt1 =

    93


cnt0 =

   194


cnt0 =

   195


cnt0 =

   196


cnt1 =

    94


cnt0 =

   197


cnt0 =

   198


cnt0 =

   199


cnt0 =

   200


cnt0 =

   201


cnt0 =

   202


cnt1 =

    95


cnt0 =

   203


cnt0 =

   204


cnt0 =

   205


cnt0 =

   206


cnt0 =

   207


cnt0 =

   208


cnt1 =

    96


cnt0 =

   209


cnt0 =

   210


cnt1 =

    97


cnt0 =

   211


cnt0 =

   212


cnt1 =

    98


cnt1 =

    99


cnt0 =

   213


cnt0 =

   214


cnt1 =

   100


cnt1 =

   101


cnt0 =

   215


cnt1 =

   102


cnt1 =

   103


cnt0 =

   216


cnt0 =

   217


cnt1 =

   104


cnt0 =

   218


cnt1 =

   105


cnt0 =

   219


cnt0 =

   220


cnt0 =

   221


cnt0 =

   222


cnt0 =

   223


cnt1 =

   106


cnt2 =

    10


cnt0 =

   224


cnt0 =

   225


cnt0 =

   226


cnt0 =

   227


cnt0 =

   228


cnt1 =

   107


cnt0 =

   229


cnt0 =

   230


cnt1 =

   108


cnt1 =

   109


cnt0 =

   231


cnt3 =

     1


cnt0 =

   232


cnt0 =

   233


cnt1 =

   110


cnt1 =

   111


cnt0 =

   234


cnt0 =

   235


cnt0 =

   236


cnt1 =

   112


cnt0 =

   237


cnt0 =

   238


cnt0 =

   239


cnt0 =

   240


cnt1 =

   113


cnt0 =

   241


cnt0 =

   242


cnt0 =

   243


cnt0 =

   244


cnt0 =

   245


cnt0 =

   246


cnt0 =

   247


cnt0 =

   248


cnt0 =

   249


cnt0 =

   250


cnt0 =

   251


cnt0 =

   252


cnt0 =

   253


cnt1 =

   114


cnt0 =

   254


cnt1 =

   115


cnt0 =

   255


cnt0 =

   256


cnt1 =

   116


cnt0 =

   257


cnt0 =

   258


cnt0 =

   259


cnt0 =

   260


cnt0 =

   261


cnt0 =

   262


cnt1 =

   117


cnt1 =

   118


cnt0 =

   263


cnt1 =

   119


cnt0 =

   264


cnt0 =

   265


cnt1 =

   120


cnt0 =

   266


cnt0 =

   267


cnt0 =

   268


cnt0 =

   269


cnt0 =

   270


cnt0 =

   271


cnt0 =

   272


cnt1 =

   121


cnt0 =

   273


cnt0 =

   274


cnt0 =

   275


cnt1 =

   122


cnt0 =

   276


cnt1 =

   123


cnt0 =

   277


cnt0 =

   278


cnt0 =

   279


cnt1 =

   124


cnt1 =

   125


cnt0 =

   280


cnt0 =

   281


cnt1 =

   126


cnt0 =

   282


