A = [8 1 0 -6 2;
5 4 1 3 11;
2 1 -2 0 -4;
4 2 1 0 7]

A =

     8     1     0    -6     2
     5     4     1     3    11
     2     1    -2     0    -4
     4     2     1     0     7

rref(A)

ans =

     1     0     0    -1     0
     0     1     0     2     2
     0     0     1     0     3
     0     0     0     0     0

rank(A)

ans =

     3

A = [1 0 0 0 -2 0 0;
        1 1 0 -1 0 0 0;
        4 4 1 -2 -4 -4 0;
        0 1 0 0 -1 -1 0;
        0 0 2 0 0 -2 0]

A =

     1     0     0     0    -2     0     0
     1     1     0    -1     0     0     0
     4     4     1    -2    -4    -4     0
     0     1     0     0    -1    -1     0
     0     0     2     0     0    -2     0

rref(A)

ans =

    1.0000         0         0         0         0   -1.0000         0
         0    1.0000         0         0         0   -1.5000         0
         0         0    1.0000         0         0   -1.0000         0
         0         0         0    1.0000         0   -2.5000         0
         0         0         0         0    1.0000   -0.5000         0

for i = 1:20
     t = [0:i];
     A = fliplr(vander(t));
     cond(A)
end

ans =

    2.6180


ans =

   13.9125


ans =

  154.4565


ans =

   2.5929e+03


ans =

   5.7689e+04


ans =

   1.5973e+06


ans =

   5.2938e+07


ans =

   2.0437e+09


ans =

   9.0078e+10


ans =

   4.4628e+12


ans =

   2.4547e+14


ans =

   1.5305e+16


ans =

   1.4907e+18


ans =

   1.0963e+19


ans =

   2.0174e+20


ans =

   2.3561e+21


ans =

   3.2774e+23


ans =

   2.9348e+24


ans =

   6.7488e+26


ans =

   9.3218e+27

diary off
