A = [.80 .02 .00 .02 .02;
.05 .70 .00 .04 .00;
.05 .10 .90 .04 .02;
.05 .10 .07 .88 .02;
.05 .08 .03 .02 .94]

A =

    0.8000    0.0200         0    0.0200    0.0200
    0.0500    0.7000         0    0.0400         0
    0.0500    0.1000    0.9000    0.0400    0.0200
    0.0500    0.1000    0.0700    0.8800    0.0200
    0.0500    0.0800    0.0300    0.0200    0.9400

[V1,D1] = eig(A)

V1 =

    0.0650   -0.1288    0.0569   -0.7543    0.2970
   -0.8767   -0.0927   -0.0673   -0.2672    0.2416
    0.3158   -0.5030   -0.3769    0.4200   -0.7950
    0.2957   -0.5344   -0.4289    0.3341    0.4352
    0.2002   -0.6605    0.8162    0.2674   -0.1787


D1 =

    0.6828         0         0         0         0
         0    1.0000         0         0         0
         0         0    0.9125         0         0
         0         0         0    0.7911         0
         0         0         0         0    0.8335

[v2,D2] = eig(A^2)

v2 =

   -0.1288   -0.0650    0.0569   -0.7543    0.2970
   -0.0927    0.8767   -0.0673   -0.2672    0.2416
   -0.5030   -0.3158   -0.3769    0.4200   -0.7950
   -0.5344   -0.2957   -0.4289    0.3341    0.4352
   -0.6605   -0.2002    0.8162    0.2674   -0.1787


D2 =

    1.0000         0         0         0         0
         0    0.4662         0         0         0
         0         0    0.8327         0         0
         0         0         0    0.6259         0
         0         0         0         0    0.6948

[v3,D3] = eig(A^3)

v3 =

   -0.1288   -0.0650    0.0569   -0.7543    0.2970
   -0.0927    0.8767   -0.0673   -0.2672    0.2416
   -0.5030   -0.3158   -0.3769    0.4200   -0.7950
   -0.5344   -0.2957   -0.4289    0.3341    0.4352
   -0.6605   -0.2002    0.8162    0.2674   -0.1787


D3 =

    1.0000         0         0         0         0
         0    0.3183         0         0         0
         0         0    0.7599         0         0
         0         0         0    0.4952         0
         0         0         0         0    0.5791

diary off
